mat_RGB_L_RGB_F = 
[[9567    0    0]
 [   0 9567    0]
 [   0    0 9567]]
offset_RGB_L_RGB_F = 
[[-612288]
 [-612288]
 [-612288]]

mat_RGB_L_bt601_L = 
[[ 2449  4806   937]
 [-1414 -2775  4190]
 [ 4190 -3506  -684]]
offset_RGB_L_bt601_L = 
[[      0]
 [4194240]
 [4194304]]

mat_RGB_L_bt601_F = 
[[ 2860  5612  1095]
 [-1615 -3169  4783]
 [ 4783 -4003  -781]]
offset_RGB_L_bt601_F = 
[[-612288]
 [4194368]
 [4194368]]

mat_RGB_L_bt709_L = 
[[ 1742  5859   591]
 [ -960 -3229  4190]
 [ 4190 -3805  -384]]
offset_RGB_L_bt709_L = 
[[      0]
 [4194240]
 [4194240]]

mat_RGB_L_bt709_F = 
[[ 2034  6842   691]
 [-1096 -3687  4783]
 [ 4783 -4345  -439]]
offset_RGB_L_bt709_F = 
[[-612288]
 [4194304]
 [4194368]]

mat_RGB_L_bt2020_L = 
[[ 2152  5554   486]
 [-1170 -3020  4190]
 [ 4190 -3853  -337]]
offset_RGB_L_bt2020_L = 
[[      0]
 [4194304]
 [4194304]]

mat_RGB_L_bt2020_F = 
[[ 2513  6486   567]
 [-1336 -3448  4783]
 [ 4783 -4399  -385]]
offset_RGB_L_bt2020_F = 
[[-612224]
 [4194368]
 [4194368]]

mat_RGB_F_RGB_L = 
[[7015    0    0]
 [   0 7015    0]
 [   0    0 7015]]
offset_RGB_F_RGB_L = 
[[524288]
 [524288]
 [524288]]

mat_RGB_F_bt601_L = 
[[ 2097  4115   803]
 [-1211 -2376  3588]
 [ 3588 -3002  -586]]
offset_RGB_F_bt601_L = 
[[ 524288]
 [4194304]
 [4194304]]

mat_RGB_F_bt601_F = 
[[ 2449  4806   937]
 [-1383 -2713  4096]
 [ 4096 -3427  -669]]
offset_RGB_F_bt601_F = 
[[      0]
 [4194304]
 [4194304]]

mat_RGB_F_bt709_L = 
[[ 1492  5017   506]
 [ -822 -2765  3588]
 [ 3588 -3259  -329]]
offset_RGB_F_bt709_L = 
[[ 524288]
 [4194304]
 [4194304]]

mat_RGB_F_bt709_F = 
[[ 1742  5859   591]
 [ -939 -3157  4096]
 [ 4096 -3720  -376]]
offset_RGB_F_bt709_F = 
[[      0]
 [4194304]
 [4194304]]

mat_RGB_F_bt2020_L = 
[[ 1843  4756   416]
 [-1002 -2586  3588]
 [ 3588 -3299  -289]]
offset_RGB_F_bt2020_L = 
[[ 524288]
 [4194304]
 [4194304]]

mat_RGB_F_bt2020_F = 
[[ 2152  5554   486]
 [-1144 -2952  4096]
 [ 4096 -3767  -329]]
offset_RGB_F_bt2020_F = 
[[      0]
 [4194304]
 [4194304]]

mat_bt601_L_RGB_L = 
[[ 8192     0 11230]
 [ 8192 -2767 -5723]
 [ 8192 14185     0]]
offset_bt601_L_RGB_L = 
[[-5749760]
 [ 4346880]
 [-7262720]]

mat_bt601_L_RGB_F = 
[[ 9567     0 13114]
 [ 9567 -3232 -6683]
 [ 9567 16566     0]]
offset_bt601_L_RGB_F = 
[[-7326656]
 [ 4464192]
 [-9094080]]

mat_bt601_L_bt601_F = 
[[9567    0    0]
 [   0 9353    0]
 [   0    0 9353]]
offset_bt601_L_bt601_F = 
[[-612288]
 [-594432]
 [-594432]]

mat_bt601_L_bt709_L = 
[[ 8192  -955 -1705]
 [    0  8345   940]
 [    0   620  8401]]
offset_bt601_L_bt709_L = 
[[1361920]
 [-559616]
 [-424448]]

mat_bt601_L_bt709_F = 
[[ 9567 -1115 -1991]
 [    0  9528  1073]
 [    0   708  9592]]
offset_bt601_L_bt709_F = 
[[  977984]
 [-1233408]
 [-1079296]]

mat_bt601_F_RGB_L = 
[[ 7015     0  9836]
 [ 7015 -2424 -5012]
 [ 7015 12424     0]]
offset_bt601_F_RGB_L = 
[[-4511744]
 [ 4331520]
 [-5836800]]

mat_bt601_F_RGB_F = 
[[ 8192     0 11486]
 [ 8192 -2830 -5853]
 [ 8192 14509     0]]
offset_bt601_F_RGB_F = 
[[-5880832]
 [ 4445696]
 [-7428608]]

mat_bt601_F_bt601_L = 
[[7015    0    0]
 [   0 7175    0]
 [   0    0 7175]]
offset_bt601_F_bt601_L = 
[[524288]
 [520704]
 [520704]]

mat_bt601_F_bt709_L = 
[[ 7015  -836 -1493]
 [    0  7309   823]
 [    0   543  7358]]
offset_bt601_F_bt709_L = 
[[1716736]
 [  30720]
 [ 148992]]

mat_bt601_F_bt709_F = 
[[ 8192  -977 -1744]
 [    0  8345   940]
 [    0   620  8401]]
offset_bt601_F_bt709_F = 
[[1393152]
 [-559616]
 [-424448]]

mat_bt709_L_RGB_L = 
[[ 8192     0 12612]
 [ 8192 -1500 -3750]
 [ 8192 14862     0]]
offset_bt709_L_RGB_L = 
[[-6457344]
 [ 2688000]
 [-7609344]]

mat_bt709_L_RGB_F = 
[[ 9567     0 14729]
 [ 9567 -1752 -4379]
 [ 9567 17356     0]]
offset_bt709_L_RGB_F = 
[[-8153536]
 [ 2526784]
 [-9498560]]

mat_bt709_L_bt601_L = 
[[8192  821 1570]
 [   0 8109 -907]
 [   0 -599 8055]]
offset_bt709_L_bt601_L = 
[[-1224192]
 [  506880]
 [  376832]]

mat_bt709_L_bt601_F = 
[[ 9567   958  1834]
 [    0  9258 -1035]
 [    0  -684  9196]]
offset_bt709_L_bt601_F = 
[[-2041792]
 [  -15872]
 [ -163840]]

mat_bt709_L_bt709_F = 
[[9567    0    0]
 [   0 9353    0]
 [   0    0 9353]]
offset_bt709_L_bt709_F = 
[[-612288]
 [-594432]
 [-594432]]

mat_bt709_F_RGB_L = 
[[ 7015     0 11046]
 [ 7015 -1314 -3284]
 [ 7015 13017     0]]
offset_bt709_F_RGB_L = 
[[-5131264]
 [ 2878464]
 [-6140416]]

mat_bt709_F_RGB_F = 
[[ 8192     0 12900]
 [ 8192 -1534 -3836]
 [ 8192 15201     0]]
offset_bt709_F_RGB_F = 
[[-6604800]
 [ 2749440]
 [-7782912]]

mat_bt709_F_bt601_L = 
[[7015  719 1375]
 [   0 7102 -794]
 [   0 -524 7055]]
offset_bt709_F_bt601_L = 
[[-547840]
 [ 964608]
 [ 850432]]

mat_bt709_F_bt601_F = 
[[8192  839 1606]
 [   0 8109 -907]
 [   0 -599 8055]]
offset_bt709_F_bt601_F = 
[[-1251840]
 [  506880]
 [  376832]]

mat_bt709_F_bt709_L = 
[[7015    0    0]
 [   0 7175    0]
 [   0    0 7175]]
offset_bt709_F_bt709_L = 
[[524288]
 [520704]
 [520704]]

mat_bt2020_L_RGB_L = 
[[ 8192     0 11810]
 [ 8192 -1318 -4576]
 [ 8192 15068     0]]
offset_bt2020_L_RGB_L = 
[[-6046720]
 [ 3017728]
 [-7714816]]

mat_bt2020_L_RGB_F = 
[[ 9567     0 13792]
 [ 9567 -1539 -5344]
 [ 9567 17597     0]]
offset_bt2020_L_RGB_F = 
[[-7673792]
 [ 2911808]
 [-9621952]]

mat_bt2020_L_bt2020_F = 
[[9567    0    0]
 [   0 9353    0]
 [   0    0 9353]]
offset_bt2020_L_bt2020_F = 
[[-612288]
 [-594432]
 [-594432]]

mat_bt2020_F_RGB_L = 
[[ 7015     0 10344]
 [ 7015 -1154 -4008]
 [ 7015 13198     0]]
offset_bt2020_F_RGB_L = 
[[-4771840]
 [ 3167232]
 [-6233088]]

mat_bt2020_F_RGB_F = 
[[ 8192     0 12080]
 [ 8192 -1348 -4681]
 [ 8192 15412     0]]
offset_bt2020_F_RGB_F = 
[[-6184960]
 [ 3086848]
 [-7890944]]

mat_bt2020_F_bt2020_L = 
[[7015    0    0]
 [   0 7175    0]
 [   0    0 7175]]
offset_bt2020_F_bt2020_L = 
[[524288]
 [520704]
 [520704]]

