mat_RGB_L_RGB_F = 
[[1196    0    0]
 [   0 1196    0]
 [   0    0 1196]]
offset_RGB_L_RGB_F = 
[[-19136]
 [-19136]
 [-19136]]

mat_RGB_L_bt601_L = 
[[ 306  601  117]
 [-177 -347  524]
 [ 524 -438  -85]]
offset_RGB_L_bt601_L = 
[[     0]
 [131072]
 [131056]]

mat_RGB_L_bt601_F = 
[[ 357  702  137]
 [-202 -396  598]
 [ 598 -500  -98]]
offset_RGB_L_bt601_F = 
[[-19136]
 [131072]
 [131072]]

mat_RGB_L_bt709_L = 
[[ 218  732   74]
 [-120 -404  524]
 [ 524 -476  -48]]
offset_RGB_L_bt709_L = 
[[     0]
 [131072]
 [131072]]

mat_RGB_L_bt709_F = 
[[ 254  855   86]
 [-137 -461  598]
 [ 598 -543  -55]]
offset_RGB_L_bt709_F = 
[[-19120]
 [131072]
 [131072]]

mat_RGB_L_bt2020_L = 
[[ 269  694   61]
 [-146 -377  524]
 [ 524 -482  -42]]
offset_RGB_L_bt2020_L = 
[[     0]
 [131056]
 [131072]]

mat_RGB_L_bt2020_F = 
[[ 314  811   71]
 [-167 -431  598]
 [ 598 -550  -48]]
offset_RGB_L_bt2020_F = 
[[-19136]
 [131072]
 [131072]]

mat_RGB_F_RGB_L = 
[[877   0   0]
 [  0 877   0]
 [  0   0 877]]
offset_RGB_F_RGB_L = 
[[16384]
 [16384]
 [16384]]

mat_RGB_F_bt601_L = 
[[ 262  514  100]
 [-151 -297  448]
 [ 448 -375  -73]]
offset_RGB_F_bt601_L = 
[[ 16384]
 [131072]
 [131072]]

mat_RGB_F_bt601_F = 
[[ 306  601  117]
 [-173 -339  512]
 [ 512 -428  -84]]
offset_RGB_F_bt601_F = 
[[     0]
 [131072]
 [131072]]

mat_RGB_F_bt709_L = 
[[ 186  627   63]
 [-103 -346  448]
 [ 448 -407  -41]]
offset_RGB_F_bt709_L = 
[[ 16384]
 [131072]
 [131072]]

mat_RGB_F_bt709_F = 
[[ 218  732   74]
 [-117 -395  512]
 [ 512 -465  -47]]
offset_RGB_F_bt709_F = 
[[     0]
 [131072]
 [131072]]

mat_RGB_F_bt2020_L = 
[[ 230  595   52]
 [-125 -323  448]
 [ 448 -412  -36]]
offset_RGB_F_bt2020_L = 
[[ 16384]
 [131072]
 [131072]]

mat_RGB_F_bt2020_F = 
[[ 269  694   61]
 [-143 -369  512]
 [ 512 -471  -41]]
offset_RGB_F_bt2020_F = 
[[     0]
 [131072]
 [131072]]

mat_bt601_L_RGB_L = 
[[1024    0 1404]
 [1024 -346 -715]
 [1024 1773    0]]
offset_bt601_L_RGB_L = 
[[-179712]
 [ 135808]
 [-226944]]

mat_bt601_L_RGB_F = 
[[1196    0 1639]
 [1196 -404 -835]
 [1196 2071    0]]
offset_bt601_L_RGB_F = 
[[-228928]
 [ 139456]
 [-284224]]

mat_bt601_L_bt601_F = 
[[1196    0    0]
 [   0 1169    0]
 [   0    0 1169]]
offset_bt601_L_bt601_F = 
[[-19136]
 [-18560]
 [-18560]]

mat_bt601_L_bt709_L = 
[[1024 -119 -213]
 [   0 1043  117]
 [   0   78 1050]]
offset_bt601_L_bt709_L = 
[[ 42496]
 [-17408]
 [-13312]]

mat_bt601_L_bt709_F = 
[[1196 -139 -249]
 [   0 1191  134]
 [   0   89 1199]]
offset_bt601_L_bt709_F = 
[[ 30528]
 [-38528]
 [-33792]]

mat_bt601_F_RGB_L = 
[[ 877    0 1229]
 [ 877 -303 -627]
 [ 877 1553    0]]
offset_bt601_F_RGB_L = 
[[-140928]
 [ 135424]
 [-182400]]

mat_bt601_F_RGB_F = 
[[1024    0 1436]
 [1024 -354 -732]
 [1024 1814    0]]
offset_bt601_F_RGB_F = 
[[-183808]
 [ 139008]
 [-232192]]

mat_bt601_F_bt601_L = 
[[877   0   0]
 [  0 897   0]
 [  0   0 897]]
offset_bt601_F_bt601_L = 
[[16384]
 [16256]
 [16256]]

mat_bt601_F_bt709_L = 
[[ 877 -105 -187]
 [   0  914  103]
 [   0   68  920]]
offset_bt601_F_bt709_L = 
[[53760]
 [  896]
 [ 4608]]

mat_bt601_F_bt709_F = 
[[1024 -122 -218]
 [   0 1043  117]
 [   0   78 1050]]
offset_bt601_F_bt709_F = 
[[ 43520]
 [-17408]
 [-13312]]

mat_bt709_L_RGB_L = 
[[1024    0 1577]
 [1024 -188 -469]
 [1024 1858    0]]
offset_bt709_L_RGB_L = 
[[-201856]
 [  84096]
 [-237824]]

mat_bt709_L_RGB_F = 
[[1196    0 1841]
 [1196 -219 -547]
 [1196 2169    0]]
offset_bt709_L_RGB_F = 
[[-254784]
 [  78912]
 [-296768]]

mat_bt709_L_bt601_L = 
[[1024  103  196]
 [   0 1014 -113]
 [   0  -75 1007]]
offset_bt709_L_bt601_L = 
[[-38272]
 [ 15744]
 [ 11776]]

mat_bt709_L_bt601_F = 
[[1196  120  229]
 [   0 1157 -129]
 [   0  -85 1150]]
offset_bt709_L_bt601_F = 
[[-63808]
 [  -512]
 [ -5248]]

mat_bt709_L_bt709_F = 
[[1196    0    0]
 [   0 1169    0]
 [   0    0 1169]]
offset_bt709_L_bt709_F = 
[[-19136]
 [-18560]
 [-18560]]

mat_bt709_F_RGB_L = 
[[ 877    0 1381]
 [ 877 -164 -411]
 [ 877 1627    0]]
offset_bt709_F_RGB_L = 
[[-160384]
 [  89984]
 [-191872]]

mat_bt709_F_RGB_F = 
[[1024    0 1613]
 [1024 -192 -479]
 [1024 1900    0]]
offset_bt709_F_RGB_F = 
[[-206464]
 [  85888]
 [-243200]]

mat_bt709_F_bt601_L = 
[[877  90 172]
 [  0 888 -99]
 [  0 -66 882]]
offset_bt709_F_bt601_L = 
[[-17152]
 [ 30080]
 [ 26624]]

mat_bt709_F_bt601_F = 
[[1024  105  201]
 [   0 1014 -113]
 [   0  -75 1007]]
offset_bt709_F_bt601_F = 
[[-39168]
 [ 15744]
 [ 11776]]

mat_bt709_F_bt709_L = 
[[877   0   0]
 [  0 897   0]
 [  0   0 897]]
offset_bt709_F_bt709_L = 
[[16384]
 [16256]
 [16256]]

mat_bt2020_L_RGB_L = 
[[1024    0 1476]
 [1024 -165 -572]
 [1024 1884    0]]
offset_bt2020_L_RGB_L = 
[[-188928]
 [  94336]
 [-241152]]

mat_bt2020_L_RGB_F = 
[[1196    0 1724]
 [1196 -192 -668]
 [1196 2200    0]]
offset_bt2020_L_RGB_F = 
[[-239808]
 [  90944]
 [-300736]]

mat_bt2020_L_bt2020_F = 
[[1196    0    0]
 [   0 1169    0]
 [   0    0 1169]]
offset_bt2020_L_bt2020_F = 
[[-19136]
 [-18560]
 [-18560]]

mat_bt2020_F_RGB_L = 
[[ 877    0 1293]
 [ 877 -144 -501]
 [ 877 1650    0]]
offset_bt2020_F_RGB_L = 
[[-149120]
 [  98944]
 [-194816]]

mat_bt2020_F_RGB_F = 
[[1024    0 1510]
 [1024 -169 -585]
 [1024 1927    0]]
offset_bt2020_F_RGB_F = 
[[-193280]
 [  96512]
 [-246656]]

mat_bt2020_F_bt2020_L = 
[[877   0   0]
 [  0 897   0]
 [  0   0 897]]
offset_bt2020_F_bt2020_L = 
[[16384]
 [16256]
 [16256]]

